Date,Boulder NSA Value,Boulder SA Value,Denver NSA Value,Denver SA Value,Fort Collins NSA Value,Fort Collins SA Value,CO Springs NSA Value,CO Springs SA Value,Pueblo NSA Value,Pueblo SA Value,Greeley NSA Value,Greeley SA Value
2016-04-30,177.12410411,174.52991116,173.56536588,170.98195585,172.33407393,170.03022714,146.57011781,144.56071775,128.99000631,127.33625537,155.71163148,153.82289055
2016-05-31,180.07307995,176.45358505,176.29611542,172.77458113,175.45196686,172.14994283,148.80358434,145.96871747,130.79100833,128.39370162,158.22628836,155.47456839
2016-06-30,182.08375967,178.10546722,178.07232925,174.27330484,177.69019792,174.00584901,150.25998472,147.12863808,132.03602165,129.3351467,159.99821123,156.88414886
2016-07-31,183.08316452,179.53099882,178.9185155,175.54589259,178.91187096,175.54821125,150.89759805,148.06418664,132.66679953,130.177467,160.98547006,158.08066562
2016-08-31,183.48807122,180.84060767,179.24276757,176.83446991,179.45890164,176.9962414,151.03856601,148.98548782,132.94683856,131.11889247,161.47861578,159.31430127
2016-09-30,183.69064226,182.42603929,179.37725979,178.24384622,179.74774086,178.47233168,150.97355896,149.99819746,133.0665906,132.08865097,161.72150762,160.52966653
2016-10-31,183.99092627,183.86783194,179.61980984,179.60675409,180.05111486,179.86882669,150.97956152,150.97064884,133.22463002,133.08013837,162.00267191,161.76305341
2016-11-30,184.31648218,185.34354075,179.9608934,181.06883349,180.35476022,181.34093307,151.07134581,152.0409244,133.4346511,134.17269684,162.34272431,163.11687614
2016-12-31,185.25831277,186.84023317,180.99628666,182.63995527,181.29483906,182.89884788,151.76793216,153.25216769,134.1225289,135.34507484,163.23166569,164.54893193
2017-01-31,187.13702509,188.12313893,183.04019449,184.01105063,183.21949708,184.31928348,153.37329978,154.34876597,135.52193028,136.40158838,164.94284229,165.86130718
2017-02-28,189.61076244,189.49521026,185.71961458,185.49044345,185.7749239,185.81802395,155.60422394,155.58693287,137.42391703,137.56062667,167.24216766,167.331874
2017-03-31,192.21685516,190.42185443,188.55507368,186.70786783,188.43149719,186.85773408,158.07252075,156.74791909,139.54743221,138.49987304,169.82346874,168.58778992
2017-04-30,194.25806695,191.26354582,190.89100495,187.8987074,190.49797403,187.75370569,160.20697957,157.88586725,141.40690377,139.49392288,172.13689783,169.92502725
2017-05-31,195.76709466,191.94982987,192.72530842,188.99760163,191.95621371,188.4163623,161.95345709,158.9549139,142.99629953,140.44916634,174.10497092,171.17724616
2017-06-30,197.03754218,193.01337268,194.3188106,190.45143365,193.10818384,189.3571813,163.52814569,160.33014334,144.46017937,141.67228507,175.95898738,172.76580208
2017-07-31,197.73309553,194.17980006,195.3535944,191.96004127,193.73027116,190.38146992,164.63464713,161.76329629,145.46073388,142.91026858,177.41410097,174.45423707
2017-08-31,197.69834234,194.984019,195.60551766,193.12221258,193.66147789,191.21757572,165.02838971,162.87065142,145.83125074,143.98670592,178.17564216,175.99220257
2017-09-30,197.61286768,196.47663593,195.72186109,194.70467855,193.53269823,192.40579061,165.26276816,164.37970772,146.06652341,145.15363448,178.74743117,177.62837191
2017-10-31,197.76302791,197.8349977,196.02453018,196.19992179,193.58309231,193.60866126,165.66612491,165.82294721,146.38797663,146.38219745,179.37546296,179.30712735
2017-11-30,197.80473443,198.96113146,196.20610565,197.43618379,193.49439675,194.60657583,166.02712217,167.11052625,146.60575546,147.4547034,179.84333573,180.75156434
2017-12-31,198.67785955,200.20937522,197.24466774,198.93892526,194.20074218,195.74948949,167.12850288,168.705697,147.52406655,148.75023182,181.03774165,182.32347864
2018-01-31,201.06863996,201.75336343,199.83461069,200.50379397,196.3842154,197.16947182,169.55264913,170.33778542,149.70235282,150.38805114,183.56287013,184.20808578
2018-02-28,204.0170217,203.66396106,202.9816751,202.45220893,199.18809101,198.97467879,172.5242055,172.23749431,152.40983514,152.37212939,186.545361,186.38810039
2018-03-31,206.45019585,204.18581648,205.53659427,203.16418874,201.5703237,199.5340114,175.0538803,173.30162319,154.82057523,153.39548671,188.98738909,187.28988215
2018-04-30,208.48157641,205.14681031,207.5849751,204.23859976,203.63434073,200.5574325,177.17260416,174.517185,157.00426925,154.78369562,191.06571985,188.49569075
2018-05-31,209.91416888,205.92348777,208.95685918,205.04424916,205.16381033,201.47596288,178.74272342,175.53807007,158.87647201,156.12218789,192.67401847,189.53442447
2018-06-30,210.49217364,206.48496287,209.49731502,205.64443136,205.93531487,202.23294682,179.62915969,176.3864192,160.23377231,157.35023238,193.63723842,190.38872009
2018-07-31,210.66435867,207.18763587,209.70059303,206.41996298,206.42376802,203.22350338,180.23791535,177.41987623,161.31492181,158.74119516,194.34969242,191.41986694
2018-08-31,210.58832944,207.73477137,209.66848958,207.00861762,206.73382844,204.20676958,180.65362213,178.27861888,162.20150265,160.24974425,194.84189921,192.61313749
2018-09-30,210.22671245,209.15886506,209.35302658,208.41439046,206.78146949,205.74471943,180.83491042,180.00389412,162.81662281,161.92314562,194.99401914,193.91636924
2018-10-31,209.72395991,209.96289959,208.89876631,209.22195939,206.63608984,206.82670351,180.91302515,181.19949819,163.26178094,163.38724136,194.8901867,194.9692859
2018-11-30,209.57843318,210.77539304,208.81021675,210.02399849,206.70091205,207.83594081,181.31587168,182.39624784,163.91466941,164.8196402,195.02910694,195.97184693
2018-12-31,209.98848266,211.41139333,209.25073835,210.92385504,207.20101107,208.62415363,182.17689735,183.79006923,164.86871901,166.06505758,195.59872559,196.75856386
2019-01-31,211.3597768,211.84260473,210.5963924,211.02479816,208.6083174,209.15675411,183.81772416,184.43959631,166.4687014,167.01522924,196.90216083,197.3180184
2019-02-28,213.58243398,213.08915962,212.72115718,212.00655501,210.81721549,210.43989482,186.18174928,185.70185031,168.70341962,168.53558503,198.8867779,198.54816229
2019-03-31,215.5130742,212.94681337,214.48004001,211.76631635,212.7181692,210.35026381,188.34021096,186.26467918,170.68404269,168.92949788,200.61420381,198.60811744
2019-04-30,216.85023606,213.34902571,215.59901058,212.13080525,214.02157434,210.74621926,190.02657152,187.17377315,172.1377792,169.66219377,201.83673767,199.08753979
2019-05-31,217.86253127,213.84288909,216.39672309,212.49789716,215.01173974,211.28635129,191.49838288,188.20475946,173.30047918,170.3992531,202.81833275,199.64044974
2019-06-30,218.44357717,214.48034833,216.87333689,213.11637556,215.64968076,212.00057964,192.70775238,189.44846784,174.20814056,171.24613818,203.47317114,200.26074492
2019-07-31,218.67462473,215.23300856,217.15036734,213.97544443,216.0148283,212.89771269,193.72011528,190.92115877,174.93889923,172.33066759,203.83603291,200.96564995
2019-08-31,218.39551816,215.41101417,217.08196029,214.25893729,215.92769808,213.27776775,194.41490702,191.78846652,175.36031775,173.25990997,203.79598649,201.51614204
2019-09-30,217.30360585,216.2502407,216.3830481,215.4771272,215.16114755,214.15658984,194.51011607,193.68185946,175.27160826,174.37975015,203.07943682,202.02919803
2019-10-31,216.35239076,216.6741131,215.92090253,216.30492941,214.62248359,214.88971992,194.77085744,195.1199226,175.41618721,175.61732313,202.46623576,202.62077772
2019-11-30,216.27446484,217.47921734,216.35255538,217.51788934,214.95603724,216.07382312,195.81222144,196.87239346,176.36179569,177.28330093,202.62530891,203.5575538
2019-12-31,216.94561344,218.30446353,217.51944639,219.20775378,216.00493395,217.34471659,197.48186999,199.16739265,177.93404311,179.11345229,203.44326672,204.50590216
2020-01-31,218.45052396,218.8251328,219.5095436,219.80461039,217.88360501,218.29787266,199.84026745,200.39127365,180.19808166,180.66267121,204.96494385,205.24250957
2020-02-29,220.60753013,220.04907674,222.12781463,221.31448792,220.42991994,219.972824,202.7401007,202.13089057,182.99706793,182.74825565,206.93533073,206.49620177
2020-03-31,222.32694576,219.62032161,224.28501699,221.34578372,222.55850086,220.01750065,205.19135437,202.85653125,185.46900054,183.49579469,208.28833236,206.13709729
2020-04-30,222.8165655,219.24021871,225.20676602,221.63589238,223.47472153,220.07397129,206.40534434,203.3409527,187.07849757,184.39809883,208.34919002,205.52752364
2020-05-31,223.10698713,219.04958727,225.92541426,221.92905723,224.04647833,220.24007697,207.31016746,203.81579816,188.6117748,185.51534652,208.15750025,204.96535711
2020-06-30,224.52238957,220.5293495,227.77785493,223.93350804,225.55428447,221.83821353,209.10999481,205.67347395,191.06299079,187.90004968,208.90946138,205.70275993
2020-07-31,226.4454953,222.96226403,230.15338201,226.90871979,227.54223058,224.3832179,211.30123232,208.3801693,193.94043555,191.16096519,210.08617074,207.23326662
2020-08-31,228.127229,224.944733,232.565012,229.440295,229.379022,226.483925,213.677919,210.700545,196.455203,194.04788,210.752375,208.376614
